123456782330050
123456782330051
123456782330052
123456782330053
123456782330054
123456782330055
123456782330056
123456782330057
123456782330058
123456782330059
123456782330060
123456782330061
123456782330062
123456782330063
123456782330064
123456782330065
123456782330066
123456782330067
123456782330068
123456782330069
123456782330070
123456782330071
123456782330072
123456782330073
123456782330074
123456782330075
123456782330076
123456782330077
123456782330078
123456782330079
123456782330080
123456782330081
123456782330082
123456782330083
123456782330084
123456782330085
123456782330086
123456782330087
123456782330088
123456782330089
123456782330090
123456782330091
123456782330092
123456782330093
123456782330094
123456782330095
123456782330096
123456782330097
123456782330098
123456782330099